Subject1

  TIME    TORQUE   POSITION    POS (ANAT)    VELOCITY
  mSec       N-M    Degrees      Degrees       DEG/SEC
     0       0.0      170.1           87         -5.3
    10      25.8      170.1           87          6.3
    20      29.8      170.2           87         19.7
    30      32.8      170.5           87         36.4
    40      35.1      171.0           86         50.5
    50      35.3      171.7           86         69.7
    60      35.9      172.5           85         89.4
    70      36.3      173.5           84        108.8
    80      38.0      174.8           83        128.3
    90      40.0      176.2           81        149.3
   100      43.0      177.9           80        169.0
   110      54.5      179.6           78        173.0
   120      68.5      181.3           76        174.1
   130      80.0      183.1           74        175.1
   140      89.0      184.8           73        176.2
   150      93.4      186.6           71        176.7
   160      94.9      188.4           69        176.2
   170      94.6      190.1           67        176.2
   180      95.9      191.9           66        176.7
   190     100.6      193.7           64        177.0
   200     106.3      195.4           62        178.3
   210     111.9      197.2           60        178.6
   220     116.8      199.0           58        179.1
   230     119.7      200.8           57        179.7
   240     120.5      202.6           55        179.9
   250     120.1      204.4           53        179.9
   260     119.7      206.2           51        179.4
   270     120.1      208.0           49        179.7
   280     121.1      209.8           48        179.9
   290     121.0      211.6           46        179.9
   300     120.1      213.4           44        179.9
   310     118.4      215.2           42        179.4
   320     117.2      217.0           40        179.4
   330     114.6      218.8           39        179.7
   340     111.2      220.6           37        179.4
   350     106.6      222.4           35        179.1
   360     101.4      224.2           33        179.1
   370      97.4      226.0           31        178.9
   380      93.2      227.8           30        179.1
   390      89.1      229.5           28        178.9
   400      86.4      231.3           26        178.9
   410      81.9      233.1           24        179.1
   420      77.2      234.9           23        179.1
   430      71.5      236.7           21        179.1
   440      65.5      238.5           19        178.9
   450      59.7      240.2           17        161.0
   460      73.4      241.8           16        130.7
   470      94.2      243.0           14        111.8
   480     102.9      243.9           14         85.4
   490      89.4      244.6           13         57.5
   500      67.1      245.1           12         47.3
   510      47.1      245.5           12         31.1
   520      34.8      245.8           12         27.9
   530      31.1      246.0           11         19.1
   540      29.4      246.1           11         13.0
   550      26.0      246.2           11         11.9
   560      21.2      246.3           11          7.9
   570     -15.6      246.4           11          5.3
   580     -16.7      246.4           11          4.2
   590     -37.6      246.5           11          1.8
   600      -5.7      246.4           11         -8.5
   610     -33.4      246.2           11        -18.6
   620     -39.6      245.9           12        -39.6
   630     -47.6      245.3           12        -75.8
   640     -45.6      244.4           13       -103.0
   650     -39.3      243.1           14       -121.1
   660     -29.0      241.4           16       -180.4
   670     -41.5      239.7           18       -191.6
   680     -58.6      238.0           19       -175.4
   690     -79.2      236.2           21       -177.3
   700     -95.7      234.4           23       -179.1
   710    -103.7      232.6           25       -179.9
   720    -102.8      230.8           27       -179.9
   730     -94.5      229.0           28       -179.4
   740     -84.9      227.2           30       -179.1
   750     -83.4      225.4           32       -178.6
   760     -87.6      223.6           34       -179.1
   770     -92.6      221.8           36       -179.7
   780     -96.7      220.0           37       -180.2
   790     -97.6      218.2           39       -180.2
   800     -98.3      216.4           41       -179.9
   810     -98.4      214.6           43       -179.7
   820     -99.9      212.9           45       -179.7
   830    -101.0      211.1           46       -179.7
   840     -99.4      209.3           48       -180.2
   850     -99.4      207.5           50       -179.4
   860     -97.6      205.7           52       -179.4
   870     -94.1      203.9           54       -179.4
   880     -93.3      202.1           55       -179.4
   890     -92.2      200.3           57       -179.7
   900     -91.8      198.5           59       -179.9
   910     -91.7      196.7           61       -179.4
   920     -90.2      194.9           63       -179.4
   930     -88.0      193.1           64       -179.7
   940     -86.0      191.3           66       -179.7
   950     -83.5      189.5           68       -178.9
   960     -81.2      187.7           70       -179.4
   970     -79.5      185.9           72       -179.1
   980     -76.3      184.1           73       -179.1
   990     -72.7      182.3           75       -179.1
  1000     -70.1      180.5           77       -179.1
  1010     -67.8      178.8           79       -178.9
  1020     -64.4      177.0           80       -179.1
  1030     -60.6      175.2           82       -179.1
  1040     -59.8      173.4           84       -187.9
  1050     -77.0      172.1           85       -129.9
  1060     -86.8      171.0           86       -107.5
  1070     -82.4      170.2           87        -74.8
  1080     -67.4      169.6           88        -55.9
  1090     -48.4      169.2           88        -41.2
  1100     -31.9      168.8           89        -33.5
  1110     -22.1      168.6           89        -20.4
  1120     -14.6      168.4           89        -17.3
  1130      -7.9      168.3           89        -12.7
  1140      -3.0      168.2           89         -8.7
  1150       0.0      168.1           89         -7.4
  1160       0.1      168.0           89         -5.0
  1170       3.5      168.0           89         -4.2
  1180      22.8      168.0           89          1.8
  1190      38.9      168.1           89         13.3
  1200      58.9      168.4           89         30.6
  1210      56.7      168.9           89         57.2
  1220      48.0      169.8           88        103.5
  1230      44.5      171.0           86        132.8
  1240      50.0      172.4           85        156.5
  1250      59.3      174.0           83        187.4
  1260      76.9      175.8           82        193.5
  1270      94.0      177.5           80        176.7
  1280     107.4      179.3           78        177.8
  1290     114.0      181.1           76        179.1
  1300     114.4      182.9           75        179.4
  1310     112.5      184.7           73        179.4
  1320     111.7      186.5           71        179.7
  1330     114.7      188.3           69        179.1
  1340     119.5      190.1           67        179.7
  1350     125.0      191.9           66        180.2
  1360     131.3      193.7           64        180.4
  1370     136.4      195.5           62        180.7
  1380     140.3      197.3           60        180.4
  1390     142.5      199.1           58        180.2
  1400     142.9      200.9           57        180.7
  1410     142.9      202.7           55        180.7
  1420     142.9      204.5           53        180.7
  1430     143.9      206.3           51        180.7
  1440     145.5      208.1           49        181.0
  1450     146.3      210.0           47        181.0
  1460     145.5      211.8           46        181.0
  1470     144.4      213.6           44        181.0
  1480     141.6      215.4           42        180.4
  1490     139.0      217.2           40        180.4
  1500     136.4      219.0           38        180.4
  1510     133.4      220.8           37        180.2
  1520     129.2      222.6           35        179.9
  1530     126.0      224.4           33        179.4
  1540     123.1      226.2           31        179.4
  1550     118.1      228.0           29        179.4
  1560     113.0      229.8           28        179.4
  1570     108.6      231.6           26        179.1
  1580     103.1      233.3           24        178.9
  1590      96.0      235.1           22        178.6
  1600      88.4      236.9           21        178.9
  1610      81.8      238.7           19        178.3
  1620      75.5      240.4           17        160.0
  1630      90.9      242.0           15        155.7
  1640     108.1      243.1           14        109.4
  1650     110.1      244.0           13         83.8
  1660      92.1      244.7           13         55.9
  1670      67.8      245.2           12         46.0
  1680      47.9      245.5           12         30.0
  1690      36.2      245.8           12         25.0
  1700      32.3      246.0           11         16.7
  1710      32.1      246.2           11         15.7
  1720      32.8      246.3           11         11.1
  1730      30.8      246.4           11          7.7
  1740      24.5      246.5           11          6.3
  1750      15.3      246.5           11          4.7
  1760     -16.7      246.5           11          3.4
  1770     -37.7      246.6           11          1.0
  1780      -4.7      246.5           11         -8.5
  1790     -18.0      246.3           11        -17.3
  1800     -29.4      246.0           11        -32.7
  1810     -38.4      245.4           12        -67.3
  1820     -41.4      244.6           13       -100.6
  1830     -36.9      243.5           14       -108.6
  1840     -27.9      242.0           15       -162.9
  1850     -26.7      240.5           17       -171.1
  1860     -41.1      238.6           19       -174.9
  1870     -57.0      236.9           21       -175.9
  1880     -76.7      235.1           22       -177.5
  1890     -89.2      233.3           24       -179.4
  1900     -95.1      231.5           26       -179.1
  1910     -92.5      229.7           28       -179.4
  1920     -82.6      227.9           30       -179.7
  1930     -75.7      226.1           31       -179.1
  1940     -76.7      224.3           33       -178.6
  1950     -82.0      222.5           35       -179.4
  1960     -86.8      220.8           37       -179.9
  1970     -88.0      219.0           38       -179.9
  1980     -87.1      217.1           40       -179.9
  1990     -88.5      215.4           42       -179.7
  2000     -91.7      213.6           44       -179.7
  2010     -93.6      211.8           46       -179.9
  2020     -94.8      210.0           47       -179.9
  2030     -96.0      208.2           49       -180.2
  2040     -94.6      206.4           51       -179.4
  2050     -94.0      204.6           53       -179.7
  2060     -92.6      202.8           55       -179.7
  2070     -89.8      201.0           56       -179.9
  2080     -89.2      199.2           58       -179.9
  2090     -89.9      197.4           60       -179.7
  2100     -89.9      195.6           62       -179.7
  2110     -89.0      193.8           64       -179.7
  2120     -85.8      192.0           65       -179.4
  2130     -83.1      190.2           67       -179.4
  2140     -81.8      188.4           69       -179.1
  2150     -80.4      186.6           71       -179.1
  2160     -78.0      184.8           73       -179.4
  2170     -75.3      183.0           74       -179.7
  2180     -72.8      181.2           76       -179.1
  2190     -70.2      179.4           78       -179.1
  2200     -68.1      177.6           80       -179.1
  2210     -65.8      175.8           82       -179.1
  2220     -62.4      174.1           83       -161.0
  2230     -80.0      172.5           85       -158.4
  2240     -92.2      171.4           86       -109.4
  2250     -97.0      170.5           87        -83.3
  2260     -86.6      169.8           88        -55.6
  2270     -65.5      169.3           88        -46.3
  2280     -50.2      169.0           88        -34.0
  2290     -39.7      168.7           89        -25.2
  2300     -34.0      168.5           89        -17.0
  2310     -29.7      168.3           89        -14.3
  2320     -26.6      168.2           89        -10.9
  2330     -23.1      168.1           89         -7.1
  2340     -17.1      168.1           89         -5.8
  2350     -11.0      168.0           89         -4.5
  2360      -3.9      168.0           89         -2.9
  2370       0.0      168.0           89         -2.3
  2380       1.1      167.9           90         -2.1
  2390      21.8      167.9           90          0.7
  2400      24.7      168.0           89          9.5
  2410      39.7      168.2           89         20.2
  2420      48.1      168.6           89         46.5
  2430      49.1      169.2           88         75.3
  2440      44.7      170.1           87         94.7
  2450      45.7      171.2           86        118.7
  2460      50.7      172.5           85        128.8
  2470      56.4      174.3           83        186.3
  2480      71.3      176.0           81        175.9
  2490      86.4      177.8           80        176.5
  2500     102.4      179.6           78        177.3
  2510     112.4      181.3           76        178.9
  2520     117.2      183.1           74        179.7
  2530     118.8      184.9           73        179.9
  2540     118.4      186.7           71        179.9
  2550     120.4      188.5           69        179.4
  2560     125.6      190.3           67        179.9
  2570     132.2      192.1           65        180.2
  2580     138.2      193.9           64        181.0
  2590     142.4      195.8           62        181.0
  2600     145.8      197.6           60        181.0
  2610     147.5      199.4           58        181.0
  2620     148.1      201.2           56        181.0
  2630     148.2      203.0           54        181.2
  2640     148.6      204.8           53        181.2
  2650     151.3      206.6           51        180.7
  2660     152.3      208.4           49        181.0
  2670     151.1      210.2           47        181.0
  2680     149.6      212.0           45        181.2
  2690     148.1      213.9           44        181.0
  2700     145.5      215.7           42        180.7
  2710     143.6      217.5           40        180.4
  2720     141.2      219.3           38        180.7
  2730     137.9      221.1           36        180.4
  2740     134.0      222.9           35        180.2
  2750     131.3      224.7           33        179.9
  2760     127.9      226.5           31        179.7
  2770     123.1      228.3           29        179.4
  2780     117.2      230.1           27        179.1
  2790     110.5      231.9           26        178.9
  2800     104.7      233.6           24        178.9
  2810      97.4      235.4           22        178.9
  2820      90.3      237.2           20        178.6
  2830      84.3      239.0           18        178.6
  2840      79.1      240.8           17        191.9
  2850      94.5      242.2           15        136.8
  2860     108.1      243.3           14        104.8
  2870     102.5      244.1           13         71.0
  2880      80.5      244.8           13         58.8
  2890      54.8      245.2           12         38.6
  2900      34.3      245.6           12         31.4
  2910      20.3      245.8           12         20.4
  2920     -15.1      246.0           11         18.6
  2930     -17.0      246.2           11         13.0
  2940     -31.3      246.3           11          7.4
  2950     -15.3      246.3           11         -0.5
  2960      -6.6      246.2           11         -6.1
  2970      -9.2      246.1           11        -15.4
  2980     -17.5      245.8           12        -27.4
  2990     -20.5      245.4           12        -42.3
  3000     -26.0      244.7           13        -73.4
  3010     -30.0      243.9           14        -98.2
  3020     -32.1      242.9           15       -112.3
  3030     -32.7      241.6           16       -125.1
  3040     -32.4      240.0           17       -148.5
  3050     -40.1      238.2           19       -175.4
  3060     -50.9      236.4           21       -175.9
  3070     -63.6      234.6           23       -176.7
  3080     -77.2      232.9           25       -178.1
  3090     -86.0      231.1           26       -179.1
  3100     -86.2      229.3           28       -179.1
  3110     -81.0      227.5           30       -179.7
  3120     -74.9      225.7           32       -179.1
  3130     -73.2      223.9           34       -178.9
  3140     -75.4      222.1           35       -179.4
  3150     -79.3      220.3           37       -179.7
  3160     -81.6      218.5           39       -179.9
  3170     -82.7      216.7           41       -179.7
  3180     -83.0      214.9           43       -179.7
  3190     -86.2      213.1           44       -179.7
  3200     -87.7      211.3           46       -180.2
  3210     -88.4      209.5           48       -180.2
  3220     -90.9      207.7           50       -179.9
  3230     -90.3      205.9           52       -179.7
  3240     -88.8      204.1           53       -179.7
  3250     -88.1      202.3           55       -179.7
  3260     -86.5      200.5           57       -179.9
  3270     -85.7      198.7           59       -179.9
  3280     -85.8      196.9           61       -179.7
  3290     -85.4      195.1           62       -179.7
  3300     -84.5      193.3           64       -179.9
  3310     -82.6      191.5           66       -179.4
  3320     -80.8      189.7           68       -179.4
  3330     -79.5      188.0           69       -179.1
  3340     -77.8      186.2           71       -179.4
  3350     -75.8      184.4           73       -179.4
  3360     -72.7      182.6           75       -179.4
  3370     -70.6      180.8           77       -179.1
  3380     -67.8      179.0           78       -178.9
  3390     -65.2      177.2           80       -179.4
  3400     -62.9      175.4           82       -179.4
  3410     -62.5      173.6           84       -191.4
  3420     -82.2      172.3           85       -134.9
  3430     -96.8      171.1           86       -111.8
  3440     -96.7      170.3           87        -77.7
  3450     -83.7      169.7           88        -58.0
  3460     -63.3      169.2           88        -42.8
  3470     -49.0      168.9           89        -31.6
  3480     -40.7      168.6           89        -21.2
  3490     -35.8      168.4           89        -17.8
  3500     -30.9      168.3           89        -13.5
  3510     -25.8      168.2           89         -8.7
  3520     -20.1      168.1           89         -7.4
  3530     -12.6      168.1           89         -5.5
  3540      -4.2      168.0           89         -3.7
  3550       0.3      168.0           89         -2.9
  3560       6.4      168.0           89         -2.3
  3570      43.8      168.0           89          6.1
  3580      62.2      168.2           89         30.6
